Subfamily_CDDID	Subfamily_Name	Sample.Cleavage	Sample.Brown	Sample.Cloud	Sample.Spot	Sample.Late.spot	Sample.Ring	Sample.Late.ring	Sample.Free.swimming.larvae
cd10518	SETD1-like	126.75200000000001	171.633	192.154	144.292	100.847	116.33699999999999	163.44299999999998	353.281
cd10527	LSMT	43.738	39.011	21.214	16.527	16.517	20.052	20.881999999999998	25.26
cd10528	SETD8	3.977	12.175	30.376	13.543	8.059	3.072	2.193	5.826
cd10529	SETD5-like	67.503	69.147	46.762	35.163	38.088	22.514	87.295	92.778
cd10530	SETD7	5.983	12.001	5.386	5.458	2.763	4.355	8.58	13.334
cd10531	SETD2-like	49.643	147.265	101.035	92.163	88.467	102.043	59.422000000000004	94.57600000000001
cd10534	PRDM-like	8.775	8.485	3.216	1.344	1.493	3.618	3.014	2.641
cd10537	SETD9	27.166	21.343	8.657	8.719	6.0089999999999995	5.787	10.788	32.001
cd10538	SETDB-like	22.654	41.183	48.65	27.751	27.464	17.308	10.425	13.015
