Subfamily_CDDID	Subfamily_Name	Sample.00h	Sample.01h	Sample.02h	Sample.03h	Sample.04h	Sample.05h	Sample.06h	Sample.08h	Sample.10h	Sample.12h	Sample.14h	Sample.16h
cd10518	SETD1-like	110.143	135.02200000000002	111.007	94.172	91.887	85.09700000000001	89.868	103.97999999999999	94.681	95.33699999999999	61.502	58.33
cd10519	EZH	59.06	39.275999999999996	6.420999999999999	52.633	60.342	60.876999999999995	52.343	43.532	31.712999999999997	27.721	17.339	17.692
cd10527	LSMT	115.425	111.94800000000001	48.105000000000004	26.404	22.591	23.743000000000002	25.082	25.371000000000002	24.365000000000002	26.716	34.365	39.379
cd10528	SETD8	172.92	187.669	95.988	81.58500000000001	88.02	103.74300000000001	108.681	102.04599999999999	63.406	60.74	27.683	24.018
cd10529	SETD5-like	60.55	107.486	92.59400000000001	30.706	19.274	26.315	31.22	39.573	33.43	36.882	21.922	19.312
cd10531	SETD2-like	273.183	285.807	144.101	133.58	120.423	134.287	116.18299999999999	113.977	85.80499999999999	83.12	44.497	44.318
cd10534	PRDM-like	1.887	0.575	2.044	14.126000000000001	19.808	9.105	9.887	12.574	35.432	51.977000000000004	40.14	29.734
cd10538	SETDB-like	246.857	264.15200000000004	177.059	232.977	239.845	205.584	164.71	139.627	96.438	83.48200000000001	49.942	49.04
cd20071	SMYD	181.871	180.74	189.642	122.08	107.555	95.16499999999999	109.165	128.844	164.648	192.801	224.893	257.453
